200
1 0 5 1
2 0 6 1
3 0 7 1
4 0 8 1
19 7 24 1
14 6 25 1
9 8 26 1
27 24 32 1
34 26 45 1
33 26 46 1
49 45 54 1
48 45 55 1
47 45 56 1
60 54 61 1
57 54 66 1
69 55 72 1
62 56 73 1
65 56 74 1
78 66 79 1
88 73 95 1
75 66 104 1
96 61 109 1
101 79 110 1
114 95 115 1
111 95 122 1
123 109 126 1
135 115 142 1
134 115 143 1
127 122 144 1
146 142 149 1
145 142 155 1
157 143 160 1
150 144 161 1
156 143 165 1
164 155 181 1
172 160 187 1
182 181 149 1
188 149 191 1
192 187 202 1
193 187 206 1
203 202 207 1
211 206 212 1
208 206 213 1
214 207 223 1
224 213 234 1
229 223 240 1
235 234 241 1
242 240 247 1
248 241 256 1
249 241 262 1
257 256 263 1
265 262 266 1
264 262 267 1
268 263 277 1
278 267 284 1
281 277 290 1
285 284 291 1
293 290 296 1
292 290 297 1
299 291 306 1
298 291 307 1
311 306 314 1
308 297 315 1
319 307 324 1
316 307 325 1
327 315 334 1
326 315 335 1
337 325 344 1
336 325 345 1
349 335 356 1
346 335 357 1
359 345 366 1
358 345 367 1
369 357 378 1
368 357 379 1
385 378 388 1
380 367 389 1
397 388 400 1
390 379 401 1
407 400 412 1
402 389 413 1
419 412 420 1
414 401 421 1
423 413 432 1
422 413 433 1
439 432 444 1
434 421 445 1
447 433 456 1
446 433 457 1
461 456 466 1
458 445 467 1
468 457 477 1
478 467 489 1
490 489 494 1
491 489 495 1
496 494 501 1
502 495 510 1
505 495 514 1
513 510 515 1
517 514 520 1
516 514 521 1
525 515 530 1
522 515 531 1
532 521 541 1
542 531 552 1
545 531 558 1
553 552 559 1
561 558 562 1
560 558 563 1
571 562 572 1
564 559 573 1
575 563 584 1
574 563 585 1
589 584 594 1
586 573 595 1
603 594 604 1
596 585 605 1
607 595 614 1
606 595 615 1
617 605 624 1
616 605 625 1
626 615 635 1
636 625 646 1
643 635 653 1
654 653 656 1
655 653 662 1
659 656 663 1
665 662 668 1
664 662 669 1
670 663 679 1
680 669 690 1
689 679 697 1
698 697 703 1
704 703 707 1
708 707 711 1
712 711 715 1
716 715 720 1
719 715 726 1
721 720 727 1
729 726 732 1
728 726 733 1
734 727 743 1
744 733 755 1
756 755 761 1
762 761 767 1
768 767 773 1
774 773 778 1
775 773 784 1
781 778 785 1
786 784 789 1
790 785 800 1
791 785 806 1
801 800 807 1
808 806 811 1
812 807 819 1
820 819 824 1
821 819 825 1
829 824 830 1
826 824 831 1
835 825 842 1
832 825 843 1
847 831 854 1
844 831 855 1
856 843 865 1
866 855 875 1
876 875 879 1
880 879 883 1
884 883 889 1
890 889 894 1
893 889 901 1
902 901 906 1
903 901 910 1
909 906 911 1
912 910 915 1
916 911 924 1
921 915 929 1
930 929 934 1
931 929 940 1
935 934 941 1
942 940 945 1
946 941 953 1
954 953 957 1
958 957 962 1
959 957 969 1
970 969 973 1
974 973 978 1
977 973 979 1
981 978 982 1
980 978 983 1
984 979 993 1
994 983 1004 1
995 983 1011 1
1012 1011 1015 1
1016 1015 1019 1
1020 1019 1022 1
1021 1019 1029 1
1030 1029 1035 1
1036 1035 1041 1
1042 1041 1047 1
1048 1047 1053 1
