733
0 1 1
0 2 1
0 3 1
0 4 1
5 1 3
6 2 1
7 3 3
8 4 3
8 9 3
8 10 4
6 12 2
6 14 1
6 15 2
7 17 4
7 19 3
5 20 4
5 22 4
24 19 1
25 14 3
26 9 1
24 27 1
24 28 2
24 30 2
32 27 3
26 33 1
26 34 1
26 35 2
25 37 4
25 39 4
32 41 4
32 43 4
45 34 1
46 33 3
45 47 1
45 48 1
45 49 1
46 50 4
46 52 4
54 49 1
55 48 1
56 47 1
54 57 1
54 58 2
54 60 1
61 60 1
56 62 1
56 63 2
56 65 1
66 57 1
55 67 2
55 69 1
55 70 2
72 69 3
73 62 1
74 65 1
66 75 1
66 76 2
66 78 1
79 78 3
72 80 4
72 82 4
73 84 2
73 86 2
73 88 1
74 89 2
74 91 2
74 93 2
95 88 1
61 96 1
61 97 2
61 99 2
79 101 3
79 102 4
104 75 3
104 105 4
104 107 4
109 96 3
110 101 1
95 111 1
95 112 2
95 114 1
115 114 1
110 116 2
110 118 2
110 120 2
122 111 1
109 123 3
109 124 4
126 123 1
122 127 1
122 128 2
122 130 2
115 132 2
115 134 1
115 135 1
126 136 2
126 138 2
126 140 2
142 135 1
143 134 1
144 127 1
142 145 1
142 146 1
142 147 2
149 146 1
144 150 1
144 151 2
144 153 2
155 145 3
143 156 1
143 157 1
143 158 2
160 157 1
161 150 3
155 162 4
155 164 3
165 156 1
165 166 2
165 168 2
165 170 2
160 172 1
160 173 2
160 175 2
161 177 4
161 179 4
181 164 1
181 182 1
181 183 2
181 185 2
187 172 1
149 182 1
149 188 1
149 189 2
191 188 1
187 192 1
187 193 1
187 194 2
191 196 2
191 198 2
191 200 2
202 192 3
202 203 3
202 204 4
206 193 1
207 203 3
206 208 1
206 209 2
206 211 1
212 211 1
213 208 1
207 214 3
207 215 4
212 217 2
212 219 2
212 221 2
223 214 1
213 224 1
213 225 2
213 227 2
223 229 1
223 230 2
223 232 2
234 224 1
234 235 1
234 236 2
234 238 2
240 229 1
241 235 1
240 242 1
240 243 2
240 245 2
247 242 3
241 248 1
241 249 1
241 250 2
247 252 4
247 254 4
256 248 1
256 257 1
256 258 2
256 260 2
262 249 3
263 257 1
262 264 3
262 265 3
266 265 3
267 264 3
263 268 1
263 269 2
263 271 2
266 273 4
266 275 4
277 268 3
267 278 3
267 279 4
277 281 3
277 282 4
284 278 1
284 285 1
284 286 2
284 288 2
290 281 1
291 285 1
290 292 1
290 293 1
290 294 2
296 293 3
297 292 3
291 298 1
291 299 1
291 300 2
296 302 4
296 304 4
306 299 3
307 298 1
297 308 3
297 309 4
306 311 3
306 312 4
314 311 3
315 308 1
307 316 1
307 317 2
307 319 1
314 320 4
314 322 4
324 319 3
325 316 3
315 326 1
315 327 1
315 328 2
324 330 4
324 332 4
334 327 1
335 326 1
325 336 3
325 337 3
334 338 2
334 340 2
334 342 2
344 337 1
345 336 3
335 346 1
335 347 2
335 349 1
344 350 2
344 352 2
344 354 2
356 349 1
357 346 1
345 358 3
345 359 3
356 360 2
356 362 2
356 364 2
366 359 1
367 358 3
357 368 1
357 369 1
357 370 2
366 372 2
366 374 2
366 376 2
378 369 1
379 368 1
367 380 3
367 381 4
378 383 2
378 385 1
378 386 2
388 385 1
389 380 1
379 390 1
379 391 2
379 393 2
388 395 2
388 397 1
388 398 2
400 397 1
401 390 3
389 402 1
389 403 2
389 405 2
400 407 1
400 408 2
400 410 2
412 407 3
413 402 1
401 414 3
401 415 4
412 417 4
412 419 3
420 419 1
421 414 1
413 422 1
413 423 1
413 424 2
420 426 2
420 428 2
420 430 2
432 423 1
433 422 1
421 434 1
421 435 2
421 437 2
432 439 1
432 440 2
432 442 2
444 439 1
445 434 3
433 446 1
433 447 1
433 448 2
444 450 2
444 452 2
444 454 2
456 447 1
457 446 1
445 458 3
445 459 4
456 461 1
456 462 2
456 464 2
466 461 3
467 458 1
457 468 1
457 469 2
457 471 2
466 473 4
466 475 4
477 468 1
467 478 1
467 479 2
467 481 2
477 483 2
477 485 2
477 487 2
489 478 1
489 490 1
489 491 1
489 492 2
494 490 1
495 491 1
494 496 1
494 497 2
494 499 2
501 496 3
495 502 1
495 503 2
495 505 1
501 506 4
501 508 4
510 502 3
510 511 4
510 513 3
514 505 1
515 513 1
514 516 1
514 517 1
514 518 2
520 517 3
521 516 1
515 522 1
515 523 2
515 525 1
520 526 4
520 528 4
530 525 3
531 522 1
521 532 1
521 533 2
521 535 2
530 537 4
530 539 4
541 532 1
531 542 1
531 543 2
531 545 1
541 546 2
541 548 2
541 550 2
552 542 1
552 553 1
552 554 2
552 556 2
558 545 3
559 553 3
558 560 3
558 561 3
562 561 1
563 560 1
559 564 3
559 565 4
562 567 2
562 569 2
562 571 1
572 571 1
573 564 3
563 574 1
563 575 1
563 576 2
572 578 2
572 580 2
572 582 2
584 575 1
585 574 3
573 586 3
573 587 4
584 589 1
584 590 2
584 592 2
594 589 1
595 586 3
585 596 3
585 597 4
594 599 2
594 601 2
594 603 1
604 603 1
605 596 1
595 606 3
595 607 3
604 608 2
604 610 2
604 612 2
614 607 1
615 606 3
605 616 1
605 617 1
614 618 2
614 620 2
614 622 2
624 617 1
625 616 1
615 626 3
615 627 4
624 629 2
624 631 2
624 633 2
635 626 1
625 636 1
625 637 2
625 639 2
635 641 2
635 643 1
635 644 2
646 636 1
646 647 2
646 649 2
646 651 2
653 643 3
653 654 3
653 655 3
656 654 1
656 657 2
656 659 1
656 660 2
662 655 1
663 659 3
662 664 1
662 665 1
662 666 2
668 665 1
669 664 1
663 670 3
663 671 4
668 673 2
668 675 2
668 677 2
679 670 1
669 680 1
669 681 2
669 683 2
679 685 2
679 687 2
679 689 1
690 680 1
690 691 2
690 693 2
690 695 2
697 689 1
697 698 1
697 699 2
697 701 2
703 698 3
703 704 3
703 705 4
707 704 3
707 708 3
707 709 4
711 708 1
711 712 1
711 713 2
715 712 1
715 716 1
715 717 2
715 719 1
720 716 1
720 721 1
720 722 2
720 724 2
726 719 1
727 721 1
726 728 1
726 729 1
726 730 2
732 729 3
733 728 1
727 734 1
727 735 2
727 737 2
732 739 4
732 741 4
743 734 1
733 744 1
733 745 2
733 747 2
743 749 2
743 751 2
743 753 2
755 744 1
755 756 1
755 757 2
755 759 2
761 756 1
761 762 1
761 763 2
761 765 2
767 762 1
767 768 1
767 769 2
767 771 2
773 768 1
773 774 1
773 775 1
773 776 2
778 774 1
778 779 2
778 781 1
778 782 2
784 775 3
785 781 1
784 786 3
784 787 4
789 786 1
785 790 1
785 791 1
785 792 2
789 794 2
789 796 2
789 798 2
800 790 1
800 801 1
800 802 2
800 804 2
806 791 3
807 801 3
806 808 3
806 809 4
811 808 3
807 812 3
807 813 4
811 815 4
811 817 4
819 812 1
819 820 1
819 821 1
819 822 2
824 820 1
825 821 1
824 826 1
824 827 2
824 829 1
830 829 1
831 826 1
825 832 1
825 833 2
825 835 1
830 836 2
830 838 2
830 840 2
842 835 1
843 832 1
831 844 1
831 845 2
831 847 1
842 848 2
842 850 2
842 852 2
854 847 3
855 844 3
843 856 1
843 857 2
843 859 2
854 861 4
854 863 4
865 856 1
855 866 3
855 867 4
865 869 2
865 871 2
865 873 2
875 866 3
875 876 3
875 877 4
879 876 3
879 880 3
879 881 4
883 880 1
883 884 1
883 885 2
883 887 2
889 884 1
889 890 1
889 891 2
889 893 1
894 890 1
894 895 2
894 897 2
894 899 2
901 893 1
901 902 1
901 903 1
901 904 2
906 902 3
906 907 4
906 909 3
910 903 1
911 909 3
910 912 1
910 913 2
915 912 1
911 916 3
911 917 4
915 919 2
915 921 1
915 922 2
924 916 3
924 925 4
924 927 4
929 921 1
929 930 1
929 931 1
929 932 2
934 930 1
934 935 1
934 936 2
934 938 2
940 931 1
941 935 3
940 942 1
940 943 2
945 942 3
941 946 3
941 947 4
945 949 4
945 951 4
953 946 3
953 954 3
953 955 4
957 954 1
957 958 1
957 959 1
957 960 2
962 958 1
962 963 2
962 965 2
962 967 2
969 959 3
969 970 3
969 971 4
973 970 1
973 974 1
973 975 2
973 977 1
978 974 3
979 977 3
978 980 3
978 981 3
982 981 1
983 980 1
979 984 3
979 985 4
982 987 2
982 989 2
982 991 2
993 984 1
983 994 1
983 995 1
983 996 2
993 998 2
993 1000 2
993 1002 2
1004 994 1
1004 1005 2
1004 1007 2
1004 1009 2
1011 995 3
1011 1012 3
1011 1013 4
1015 1012 3
1015 1016 3
1015 1017 4
1019 1016 3
1019 1020 3
1019 1021 3
1022 1020 1
1022 1023 2
1022 1025 2
1022 1027 2
1029 1021 1
1029 1030 1
1029 1031 2
1029 1033 2
1035 1030 1
1035 1036 1
1035 1037 2
1035 1039 2
1041 1036 1
1041 1042 1
1041 1043 2
1041 1045 2
1047 1042 1
1047 1048 1
1047 1049 2
1047 1051 2
1053 1048 3
605 1054 2
711 1056 2
910 1058 2
940 1060 2
1053 1062 4
1053 1064 4
